SIZE = 42,
88,126,104,191,40,115,130,84,63,40,67,90,71,65,145,143,149,75,98,106,114,109,108,90,48,104,120,101,84,99,77,115,67,61,114,181,23,78,49,106,107,
27,50,105,15,42,69,32,49,87,38,34,37,41,61,54,63,39,39,60,15,44,25,40,59,59,72,71,50,61,58,32,54,30,60,120,99,47,21,82,40,
60,112,8,42,75,41,28,22,45,83,30,46,108,106,88,44,85,39,66,89,64,97,32,142,140,83,31,36,51,43,38,36,111,93,26,38,28,63,42,
156,20,98,128,52,35,111,62,81,63,78,117,117,103,54,85,40,81,71,81,82,43,91,115,80,41,44,56,63,75,42,92,144,105,84,24,104,66,
10,85,143,111,81,14,60,136,97,71,146,133,150,124,130,130,137,100,142,128,57,146,161,84,90,125,80,45,103,62,94,187,29,36,41,124,98,
20,26,9,45,8,6,20,17,9,11,31,23,21,12,6,10,12,5,11,5,21,27,25,9,17,30,3,12,21,6,35,29,11,8,22,18,
54,32,33,62,91,92,52,93,88,48,66,23,111,31,59,55,79,56,64,46,59,147,28,36,46,105,73,47,186,119,63,106,21,49,60,
133,58,34,113,60,158,139,126,185,124,155,57,101,93,120,118,160,78,186,142,119,58,72,139,33,159,77,119,140,53,28,43,164,133,
24,64,18,31,59,26,86,114,59,67,25,53,51,42,47,69,90,146,134,57,24,49,164,41,41,130,61,85,83,46,30,160,74,
40,27,28,23,38,46,35,46,14,29,17,26,24,22,25,55,53,34,41,37,21,68,9,24,70,38,85,54,39,39,42,33,
171,46,98,171,77,27,114,44,71,96,64,39,84,56,80,19,21,164,60,107,40,93,137,36,147,29,77,87,37,46,102,
65,30,29,79,95,82,35,87,66,59,40,53,33,125,97,67,3,45,45,156,117,33,157,12,62,144,166,15,139,21,
36,51,115,71,99,43,91,62,61,91,53,64,34,103,141,105,24,36,43,50,48,38,113,109,30,51,20,49,44,
37,65,147,59,46,47,46,62,25,67,41,172,124,121,37,43,38,148,71,45,172,53,99,136,93,13,126,57,
70,118,84,18,70,56,50,36,58,34,151,102,101,11,32,62,161,97,35,129,55,65,176,134,21,163,35,
129,108,79,75,77,71,86,66,67,28,111,124,108,51,68,84,110,64,50,77,185,35,116,26,105,79,
123,127,59,83,107,155,118,155,84,174,178,116,46,84,94,36,135,80,90,138,41,29,26,165,159,
81,98,67,62,62,107,76,36,97,130,88,57,72,77,83,69,34,86,140,69,112,41,110,71,
35,46,42,81,50,74,78,108,136,55,23,43,121,30,34,89,61,101,62,39,14,159,76,
47,38,55,62,63,51,71,96,109,42,53,56,113,53,53,150,126,66,69,30,61,51,
59,49,66,49,45,75,105,71,16,58,90,72,46,77,74,135,56,95,18,71,60,
52,62,59,72,86,104,92,20,60,65,91,54,82,80,142,74,98,17,97,70,
78,95,49,150,123,63,35,39,76,50,34,63,84,123,44,34,15,87,60,
62,77,85,110,86,31,20,64,97,72,49,98,150,102,66,15,86,70,
75,128,104,58,29,53,97,42,20,86,66,113,60,49,23,126,61,
69,63,176,69,27,118,50,178,114,188,59,85,44,27,73,147,
142,86,29,51,96,30,108,83,87,101,34,32,48,120,146,
78,62,90,94,34,102,68,90,170,28,27,31,123,122,
54,64,161,186,41,182,5,88,144,188,32,134,47,
62,36,36,34,62,48,99,81,36,47,62,36,
87,44,49,60,77,124,88,75,20,93,48,
34,131,117,140,78,44,46,50,137,179,
96,48,192,77,48,91,15,32,66,
151,41,73,176,99,29,163,46,
167,60,89,46,49,122,185,
107,180,166,32,124,64,
22,47,76,106,105,
89,32,48,110,
12,30,83,
45,25,
155,
NOTE = 