SIZE = 58,
2824,6083,2013,3503,1571,2844,3093,3937,2109,3026,3336,2941,2763,4274,4363,947,4391,2730,3512,3116,2936,2437,2522,4208,5298,3236,2040,4925,3500,3006,3710,2083,2884,1958,3008,3392,2108,3207,2364,2390,2636,2107,1991,2120,806,3643,2934,3843,2543,4092,2464,2973,3939,3457,2368,2170,2922,
4746,908,260,2535,584,1106,694,1863,668,1126,1609,991,2196,2230,2493,3060,706,1297,524,586,1600,750,2130,3961,434,2223,3594,1367,563,1577,2068,996,2089,658,1511,2355,1003,557,851,666,1354,1260,716,2929,1565,660,1710,523,1959,494,1442,1861,1247,1116,2183,324,
4074,4993,6678,4826,4747,5951,6265,4771,5000,3142,4276,5891,6089,6044,1686,4588,5181,5271,4759,6002,4353,5830,785,5167,6553,2230,5221,4922,5423,6472,4494,6417,4902,4720,6776,4876,4199,5404,4645,5784,5676,4267,6480,5265,4628,5511,4447,5756,4299,3830,5561,5126,5724,6675,5071,
1174,2620,827,1109,1608,2211,880,1332,932,754,2265,2358,1986,2388,721,1507,1438,919,1946,517,2199,3289,1348,2493,2922,1495,983,1705,2414,875,2359,991,1383,2718,1202,359,1350,490,1726,1619,209,2422,1634,774,1838,607,2087,459,974,1930,1452,1612,2617,1238,
2676,844,1022,257,2004,600,1044,1861,1088,2094,2151,2742,3307,835,1214,498,498,1737,946,2033,4208,184,2449,3841,1275,523,1480,2209,1023,2339,570,1771,2496,915,817,1460,926,1524,1638,965,3178,1468,669,1627,783,1637,754,1488,1756,1165,1252,2324,554,
3125,3635,2636,1052,3209,3665,3544,3366,4739,4774,634,4962,3333,3841,2395,3122,1302,3129,4673,5893,2804,681,5536,3906,3032,4116,800,3487,817,3199,3998,537,3542,2846,1681,3104,1385,1273,2423,1070,4108,3201,4249,3064,4503,2948,3586,4401,3786,1647,693,2217,
572,781,2453,80,587,1694,560,1650,1694,2700,3140,217,757,948,98,2182,383,1584,4041,502,2869,3674,826,169,1036,2658,455,2793,170,1096,2945,458,508,1435,287,1944,1844,923,3136,1019,75,1165,227,1423,411,1004,1312,708,1702,2773,908,
1231,2975,502,243,1615,705,1306,1350,3066,3061,439,374,1303,524,2878,705,1240,3962,971,3277,3595,482,625,692,3180,274,3134,506,524,3467,114,1064,1974,1060,2466,2580,1289,3502,675,594,759,635,1016,960,926,968,364,2057,3295,1542,
1925,802,1246,2819,1290,2309,2353,2413,4265,1050,1416,248,700,1658,1148,2243,5166,279,2366,4799,1485,618,1695,2130,1225,2265,772,1755,2417,1117,1248,1210,1135,1441,1557,1282,2844,1678,871,1824,1019,2082,1188,2128,1971,1342,1002,2245,456,
2537,2995,3131,2860,4065,4099,1172,4549,2575,3165,1684,2444,307,2619,3999,5480,2204,343,5123,3236,2354,3547,257,2865,211,2527,3380,549,2866,2305,1006,2535,656,770,2010,1608,3434,2529,3579,2392,3828,2406,3173,3730,3110,936,372,1545,
517,1639,488,1580,1747,2770,3083,235,687,888,102,2263,342,1514,3986,533,2891,3617,756,199,967,2753,523,2697,170,976,3162,388,497,1543,335,1960,2074,960,3206,949,107,1095,217,1352,389,950,942,754,1642,2857,992,
1868,720,1138,1177,3315,3314,670,178,1329,536,2878,800,1274,4215,969,3402,3848,432,640,652,3200,519,3158,528,767,3487,129,1078,1189,975,2486,2600,1538,3751,709,609,639,798,908,975,1177,984,124,2083,3310,1450,
1144,2759,2957,2910,1456,1451,2044,2139,1622,2870,1216,2698,2357,2035,3417,1990,2089,1790,2300,3338,1362,3283,1770,1578,3642,1734,1062,2278,1193,2650,2543,1133,3346,2133,1491,2379,1310,2624,1162,693,2429,1989,2582,3304,1939,
1783,1827,2732,2590,287,856,1369,590,2963,345,1717,3491,1014,3214,3124,959,688,1169,3065,366,3185,602,607,3352,591,589,2331,394,2351,2465,955,3168,1152,329,1236,432,1493,498,455,1445,841,2123,3180,1315,
607,4243,4505,1740,960,2389,1596,3936,1863,254,5106,2037,4362,4739,851,1693,629,4270,837,4221,1668,1438,4557,1192,2134,3351,1733,3556,3670,2466,4679,435,1672,492,1783,229,2038,2070,273,1090,3143,4385,2510,
4036,4408,1776,992,2592,1645,3987,2093,760,5304,2073,4399,4947,887,1742,665,4306,1564,4265,1717,1471,4591,1236,2179,3554,2185,3590,3706,2559,4772,818,1716,528,1905,262,2082,2266,562,1126,3346,4589,2654,
4328,2699,3428,2105,2791,1425,2495,4181,5259,2571,1103,4902,3493,2859,3683,1146,2889,1011,2864,3365,1171,3129,2213,1446,2470,1170,1284,1789,446,3616,2777,3816,2492,4065,2314,2952,3908,3430,1422,1233,1994,
2902,3495,3590,3073,4316,2667,4144,901,3481,4835,544,3535,3236,3752,4848,2808,4701,3145,3024,5060,3190,2513,3718,2959,4068,4182,2551,4764,3579,2942,3825,2761,4002,2613,2149,3875,3440,4038,4959,3385,
846,2699,337,2713,279,1882,3803,771,2991,3436,909,334,1119,2780,287,2915,407,578,3067,5410,546,1557,314,2066,2182,922,3135,1102,158,1248,276,1505,451,760,1395,791,1990,2895,1030,
1646,707,3049,978,1096,4396,1140,3462,4029,254,810,474,3371,652,3328,691,945,3658,300,1249,2159,1127,2678,2566,1651,3864,531,1079,476,968,730,1145,1353,806,138,2393,3486,1627,
8700,1417,1266,2328,4708,527,1972,4124,1570,858,1939,1889,1304,1834,856,1989,2176,1347,1057,962,1196,1226,1340,1238,2417,1763,1087,1908,1095,1932,994,1972,2051,1582,754,2004,432,
2358,448,1535,3969,429,2913,3607,777,97,982,2649,525,2595,72,1046,2936,408,590,1441,435,1954,2068,1015,3227,970,171,1115,319,1139,486,1009,1258,652,1542,2764,1021,
2691,3870,5217,1937,594,4850,3124,2087,3334,512,2878,464,2430,3399,799,2601,2166,739,2635,367,330,1743,1861,3305,2251,3467,2515,3716,2266,2906,3601,2845,669,627,1278,
1797,3568,852,2973,3201,1039,543,1249,2923,367,3043,520,742,3114,671,288,1878,194,2235,2349,718,2931,1232,287,1592,192,1849,239,696,1525,921,2020,2939,1074,
5045,1967,4504,4678,1494,1637,771,4204,1635,4155,1489,1185,4491,1126,2076,2986,2072,3490,3604,2400,4617,413,1606,634,1795,300,1972,2009,312,1232,3082,4319,2454,
4615,5766,1445,4436,4137,4648,5687,3709,5632,4117,3925,5991,4091,3414,4619,3860,4999,5113,3482,5695,4480,3843,4791,3662,4971,3514,3045,4776,4341,4929,5890,4286,
2492,4015,1210,339,1420,2409,949,2267,554,1470,2696,846,993,1123,856,1720,1834,1145,3004,1402,567,1553,722,1802,889,1433,1698,1063,1275,2524,600,
4875,3531,2831,3741,184,3219,147,2985,3734,228,3163,2655,1447,2889,925,924,2296,1544,3724,2883,3870,2746,4128,2717,3459,4017,3545,1377,130,1934,
4069,3770,4291,5330,3342,5274,3750,3558,5634,3724,3047,4252,3538,4642,4756,3125,5338,4113,3476,4359,3294,4604,3147,2688,4409,3974,4572,5533,3919,
879,224,3441,758,3397,702,788,4225,368,1311,2532,1214,2727,2841,1716,3929,283,848,359,1037,606,1214,1398,701,189,2324,3551,2243,
1079,2559,623,2606,86,1143,2846,511,692,1339,532,1870,1984,1083,3295,1072,268,1218,416,1475,588,1101,1355,761,1612,2644,887,
3744,968,3607,1059,1216,4020,578,1421,2901,1424,3047,2845,1906,4119,176,1153,137,1301,394,1424,1609,479,347,2693,3848,1901,
3070,135,2721,3585,297,3072,2651,1211,2740,839,953,2217,1582,3639,2734,3784,2597,4041,2568,3380,3935,3316,1141,125,1750,
3120,577,520,3036,390,728,2266,599,2356,2470,1112,3325,478,354,1036,447,1293,631,673,708,640,2058,3185,1546,
2667,3600,366,3029,2623,1337,2875,815,931,2162,1451,3590,2766,3736,2914,4004,2563,3322,3883,3451,1267,200,1876,
1118,3008,392,662,1434,508,2274,2388,1087,3299,802,243,1099,391,1356,558,1081,1340,722,1610,2836,1093,
3872,638,1174,2951,1484,2871,2905,1588,3801,938,842,943,892,1200,1076,887,1288,888,2627,3846,1835,
3359,2918,1498,3027,1126,1240,2521,1607,3926,3021,4171,2884,4320,2855,3684,4222,3603,1428,190,2037,
950,1860,846,2379,2267,1352,3565,561,480,711,669,965,846,1041,854,250,2094,3187,1328,
1408,234,1917,2031,436,2649,1511,419,1672,282,1931,112,964,1798,1191,1811,2746,881,
1517,522,636,1199,1882,2725,2049,2570,2042,2899,1345,2286,3033,2098,259,1326,1394,
2026,2142,693,2906,1407,359,1557,98,1811,137,772,1710,1096,1950,2855,990,
114,1529,1601,2925,2020,3070,1883,3319,1854,2692,3221,2620,452,954,1061,
1422,1715,3039,2134,3184,1997,3433,1968,2585,3335,2736,564,1068,1175,
2225,1839,1000,2039,715,2288,537,1175,2131,1653,1461,2420,1030,
4052,3213,4252,2928,4501,2750,3388,4344,3866,1869,1669,2425,
1041,290,1230,547,1407,1444,213,489,2517,3754,1889,
1187,148,1444,315,941,1335,730,1841,2849,984,
1381,257,1560,1686,342,598,2806,3899,2040,
1638,184,894,1423,919,1849,2712,847,
1839,1935,354,855,2686,4148,2293,
1063,1700,1096,1748,2683,818,
1740,1298,2624,3583,2553,
940,2805,4050,2182,
2336,3431,1671,
1256,801,
1865,
NOTE = 