SIZE = 26,
49,93,87,112,26,38,87,65,75,61,56,40,58,46,52,136,62,26,128,31,53,63,129,27,46,
11,61,85,77,100,94,141,82,116,103,9,79,93,70,102,139,74,157,55,43,54,64,76,151,
92,54,11,29,90,64,39,65,36,83,107,63,59,77,42,34,102,24,62,34,53,34,35,
181,142,125,173,188,141,78,133,44,128,155,110,230,63,152,257,156,159,98,68,117,74,
146,165,180,188,119,91,153,22,148,124,103,222,89,172,280,135,175,91,106,156,80,
98,122,100,89,84,99,11,107,122,54,160,83,124,190,67,86,89,47,95,92,
180,194,74,87,78,13,190,147,82,193,109,185,278,128,139,77,39,135,87,
157,92,116,111,26,190,157,83,185,53,147,268,156,181,93,64,148,113,
132,109,111,93,181,197,122,179,148,202,127,136,155,139,80,116,125,
58,98,20,130,86,110,129,90,70,189,76,93,95,71,31,88,
100,26,51,71,84,158,81,64,196,78,54,135,72,71,169,
18,130,96,98,140,88,88,178,36,102,64,92,68,95,
9,68,22,50,11,33,51,15,73,37,42,23,39,
182,95,161,37,160,197,103,121,51,27,99,81,
68,223,68,160,241,156,148,62,30,130,93,
140,62,62,212,74,100,114,71,66,44,
107,228,220,198,206,163,135,172,144,
87,186,34,42,65,133,40,91,
272,127,112,68,96,117,75,
223,250,205,186,210,154,
152,82,32,81,91,
66,56,127,37,
55,62,93,
20,59,
63,
NOTE = 