SIZE = 17,
324,80,421,77,150,63,262,351,196,83,555,165,572,390,134,202,
61,324,250,74,154,353,352,292,567,282,239,208,35,110,528,
329,112,108,267,476,120,488,47,372,383,150,238,530,685,
95,466,435,638,578,314,70,437,53,297,297,240,237,
184,390,444,257,91,439,264,448,227,96,309,289,
145,182,391,336,211,243,268,326,142,105,745,
495,633,228,254,249,57,383,336,29,483,
402,360,191,505,199,196,29,289,364,
661,287,232,202,169,153,34,426,
189,338,140,412,55,105,157,
27,420,68,84,346,472,
123,175,36,259,332,
240,518,207,246,
301,154,542,
236,121,
349,
NOTE = 