SIZE = 48,
1169,803,1949,428,1264,887,622,1287,2455,426,1488,986,189,1347,713,594,340,1104,1802,1034,826,641,1475,481,510,863,865,165,411,725,360,739,100,1131,1204,1320,263,915,240,155,231,763,443,807,1143,435,1000,
1100,2374,936,1105,586,739,1890,1506,533,1219,927,999,482,570,1580,1032,939,2596,660,483,1038,1969,676,1621,1200,1183,947,879,676,1299,1286,940,833,701,715,892,754,821,1447,1266,1114,1315,567,325,1605,225,
1483,485,129,2202,1282,1240,1021,521,1137,623,1256,1698,864,879,214,812,667,262,939,354,2290,217,1461,1453,320,976,369,1603,279,420,882,1479,902,528,484,604,350,1213,674,384,482,410,337,630,590,
1963,1744,2300,2405,1176,1184,2121,1645,1926,896,2166,2301,1584,1858,2043,1550,2139,940,781,2013,1446,904,1157,1490,2571,534,600,2568,2594,1429,967,1688,2699,2523,1506,2410,995,930,653,347,1986,2091,1802,2264,
757,1607,1098,2179,2101,1692,1493,1129,1110,1152,646,1251,902,1157,1240,240,1038,1021,825,414,429,2089,891,894,454,587,1038,1173,587,318,613,779,1073,1149,749,219,1163,578,670,453,740,721,851,
2145,607,1614,701,557,1399,1612,1235,2339,1018,335,197,605,1356,559,188,2435,2412,644,1903,636,999,538,866,1272,1089,1199,820,669,999,836,1049,397,744,290,1560,1473,617,1094,690,803,937,
598,2204,2333,1690,1749,1137,1776,1906,1592,1049,1456,2300,1783,1057,1857,595,1304,1581,356,1466,2083,357,1446,1036,330,1794,1508,872,346,1499,1263,1155,1316,1453,588,1982,1225,1017,663,1499,1280,
768,2285,488,432,166,1729,732,721,525,817,703,1171,1038,883,592,686,463,491,1699,1144,745,1397,847,1753,794,492,526,123,521,1315,586,290,918,661,580,669,878,1058,390,529,
1030,940,2237,1146,1961,826,1508,1898,1796,1489,1239,1865,1709,1718,1888,1644,2266,443,229,2151,1500,727,2059,1752,1019,1744,1717,2108,1908,1573,550,1704,335,290,1650,2520,969,1166,2139,
1785,1872,2408,1359,1681,973,1975,1972,2026,1938,668,1467,1475,2493,1891,2082,2182,678,1369,2367,1787,2428,1395,2380,1737,959,2117,1114,2114,1724,1197,678,2138,1943,1867,1376,2734,145,
1796,1995,702,1763,1374,2072,238,355,2485,231,500,603,1239,579,1056,1837,1479,1552,1525,983,973,1152,1496,924,229,1590,653,961,572,818,341,1252,358,1291,913,973,1335,
863,1207,1181,1604,341,455,985,959,455,331,998,982,720,902,689,699,626,831,821,503,197,770,649,374,1070,908,285,1473,1009,676,1467,1017,879,456,1079,1023,
823,1643,838,992,655,214,831,1061,476,220,1950,541,645,987,1362,429,1735,1486,552,554,440,712,216,2136,1229,1317,1335,400,932,370,1159,1095,293,1092,1119,
1039,1122,1148,882,1051,802,444,252,1600,1252,503,882,617,1087,507,1291,792,1430,631,1584,1105,959,744,828,1011,1720,1238,552,1507,516,1204,882,949,849,
1760,1333,848,983,604,795,1441,898,2425,1255,130,1260,872,1716,736,919,271,1726,968,424,1188,445,1024,652,949,665,813,326,952,1087,2085,1111,1241,
1420,1560,748,292,662,188,514,2066,533,609,1969,1171,1097,957,761,1494,1210,632,1815,1631,1479,1081,405,1092,641,853,2421,1022,482,260,1905,652,
1169,543,2049,242,726,194,1759,560,2237,1250,252,369,690,1082,758,1421,1304,1222,641,375,406,919,506,454,352,740,798,1212,524,334,393,
1119,182,704,1309,1326,2156,916,665,1727,697,251,1780,815,1727,470,499,1029,459,483,473,397,154,627,550,161,617,1023,943,525,325,
742,568,907,1508,2385,731,220,371,1511,1056,708,699,783,235,511,776,805,178,1191,642,1524,1123,396,413,630,862,862,700,792,
492,1178,1042,1758,1936,396,999,1480,1438,1809,1941,562,1897,1983,1359,2203,1298,801,2198,2147,937,442,1427,2119,882,664,1745,1374,
309,264,685,273,942,484,667,466,811,1723,400,1589,254,966,751,467,598,679,1272,796,1023,875,238,392,547,291,354,
1828,947,1275,642,1568,1829,316,594,435,328,311,1254,312,343,362,818,780,480,319,741,803,1033,269,915,90,107,
177,928,138,875,2010,2044,1835,2238,1472,1187,268,303,923,738,2281,2336,1553,567,604,519,1212,861,1403,739,796,
1633,1576,1583,2165,1849,2445,1005,2172,2115,2708,2540,1836,1107,1427,1286,1371,2055,945,1969,1885,2439,1985,1497,2063,
1463,1492,950,700,839,453,666,803,451,630,1251,115,558,846,549,1280,216,180,861,1161,543,928,645,
668,2377,695,1008,330,1698,774,996,490,495,1306,457,1210,345,1057,1327,776,414,905,428,296,426,
1162,1393,504,1829,2099,1402,1434,1845,925,387,1972,1356,1668,953,1398,833,1547,1148,371,579,1925,
177,1425,273,1094,222,884,469,546,1828,304,1163,1519,624,1157,400,610,663,479,1025,1052,
361,755,1007,1369,1457,504,516,344,1185,1153,721,767,917,227,760,1769,780,581,1617,
140,985,609,1761,623,235,919,951,972,1138,1004,486,1338,309,96,388,930,1972,
83,308,699,1051,1156,259,182,745,809,410,1353,776,632,1227,325,814,1861,
585,2394,666,443,1244,582,1579,685,1556,598,881,1836,1184,451,1341,1019,
618,983,1283,781,551,1300,435,1183,1231,173,739,358,552,588,476,
680,681,660,1539,563,402,1178,1531,1226,1049,1370,478,1551,267,
443,608,547,706,358,1361,236,355,1082,827,1086,939,1673,
949,504,847,90,548,1176,1125,1364,1124,1214,596,238,
1010,205,317,257,853,743,1137,330,410,703,472,
569,1713,651,972,1878,967,1654,723,1198,1640,
642,235,582,820,1114,565,1259,1060,835,
790,1461,697,510,920,483,726,1722,
921,442,815,316,816,180,1326,
361,626,515,591,548,917,
819,1474,847,1501,1580,
837,723,626,583,
649,334,1358,
813,869,
981,
NOTE = 