SIZE = 21,
310,77,420,180,215,170,270,545,290,625,495,430,190,345,225,690,450,660,380,440,
130,700,480,570,170,230,320,390,465,280,320,78,625,96,605,150,605,110,63,
320,540,97,125,165,36,170,455,345,27,285,615,29,490,680,835,500,640,
590,365,240,125,370,515,380,185,68,350,585,625,370,370,360,280,155,
385,525,310,390,255,245,380,48,585,775,350,460,265,610,155,200,
405,205,415,395,345,280,67,91,285,605,120,400,865,475,160,
750,87,240,160,140,220,375,495,315,235,445,265,485,600,
650,140,265,480,235,715,480,475,200,255,420,475,125,
220,295,305,300,635,585,510,425,385,480,120,535,
480,380,220,205,255,155,100,590,205,425,150,
340,435,415,480,170,440,440,81,600,575,
505,165,350,150,310,280,370,105,240,
430,235,90,575,650,610,91,440,
515,355,350,435,250,495,175,
190,750,755,655,645,555,
390,485,545,240,240,
350,520,295,380,
235,175,320,
590,705,
430,
NOTE = 